323 (17 (6 () () ) (41 (39 () () ) (53 (49 () () ) (89 (55 () (68 () () ) ) (90 () () ) ) ) ) ) 
487 (17 (6 (3 () () ) (12 () (15 (13 () () ) () ) ) ) (41 (39 (36 () () ) (39 () () ) ) (53 (49 () () ) (89 (55 () (68 (67 () () ) (88 () () ) ) ) (90 () (97 () (100 () () ) ) ) ) ) ) ) 
211 (17 (6 (3 () () ) (12 () (15 (13 () () ) () ) ) ) (41 (39 (36 () (37 () () ) ) (39 () () ) ) (53 (49 () (51 () () ) ) (89 (55 () (68 (67 (56 (55 () () ) () ) () ) (88 (79 () (83 () () ) ) () ) ) ) (90 (89 () () ) (97 (95 (93 () () ) (96 () () ) ) (100 () () ) ) ) ) ) ) ) 
136 (17 (6 (3 () () ) (12 () (15 (13 () (13 () () ) ) (16 () (16 () () ) ) ) ) ) (41 (39 (36 (17 () (20 () () ) ) (37 () () ) ) (39 () () ) ) (53 (49 () (51 () () ) ) (89 (55 () (68 (67 (56 (55 () () ) () ) () ) (88 (79 (77 () () ) (83 (80 () (82 () () ) ) (85 (83 () () ) () ) ) ) () ) ) ) (90 (89 () () ) (97 (95 (93 () () ) (96 () () ) ) (100 () () ) ) ) ) ) ) ) 
26 (17 (6 (3 () () ) (12 () (15 (13 () (13 () () ) ) (16 () (16 () () ) ) ) ) ) (41 (39 (36 (17 () (20 () (28 () (30 () (30 () () ) ) ) ) ) (37 () () ) ) (39 () () ) ) (53 (49 (48 () () ) (51 () () ) ) (89 (55 () (68 (67 (56 (55 () () ) () ) () ) (88 (79 (77 (70 () (70 () (75 () () ) ) ) (77 () () ) ) (83 (80 () (82 () () ) ) (85 (83 () () ) () ) ) ) () ) ) ) (90 (89 () () ) (97 (95 (93 () (94 () () ) ) (96 () () ) ) (100 (97 () () ) () ) ) ) ) ) ) ) 
31 (17 (6 (3 () (5 () () ) ) (12 (10 () () ) (15 (13 () (13 () (13 () (14 () () ) ) ) ) (16 () (16 () () ) ) ) ) ) (41 (39 (36 (17 () (20 (17 () () ) (28 () (30 (29 () () ) (30 () () ) ) ) ) ) (37 () () ) ) (39 () () ) ) (53 (49 (48 (42 () () ) () ) (51 () () ) ) (89 (55 () (68 (67 (56 (55 () () ) () ) () ) (88 (79 (77 (70 () (70 () (75 () () ) ) ) (77 () () ) ) (83 (80 () (82 () () ) ) (85 (83 () () ) () ) ) ) () ) ) ) (90 (89 () () ) (97 (95 (93 () (94 (93 () () ) () ) ) (96 () () ) ) (100 (97 () (97 () (98 () () ) ) ) () ) ) ) ) ) ) ) 
36 (17 (6 (3 () (5 () (5 () () ) ) ) (12 (10 () (11 () () ) ) (15 (13 () (13 () (13 () (14 () () ) ) ) ) (16 () (16 () () ) ) ) ) ) (41 (39 (36 (17 () (20 (17 () () ) (28 () (30 (29 () () ) (30 () (33 () () ) ) ) ) ) ) (37 () (37 () () ) ) ) (39 () () ) ) (53 (49 (48 (42 () (42 () () ) ) () ) (51 () (51 () () ) ) ) (89 (55 () (68 (67 (56 (55 () () ) () ) () ) (88 (79 (77 (70 (69 (68 () () ) () ) (70 () (75 () () ) ) ) (77 () () ) ) (83 (80 () (82 () () ) ) (85 (83 () () ) (85 () () ) ) ) ) () ) ) ) (90 (89 () () ) (97 (95 (93 () (94 (93 () () ) () ) ) (96 () () ) ) (100 (97 () (97 () (98 () (99 () () ) ) ) ) () ) ) ) ) ) ) ) 
506 (17 (6 (3 () (5 (3 () (4 () () ) ) (5 () () ) ) ) (12 (10 () (11 () () ) ) (15 (13 () (13 () (13 () (14 () () ) ) ) ) (16 () (16 () () ) ) ) ) ) (41 (39 (36 (17 () (20 (17 () (18 () () ) ) (28 () (30 (29 () () ) (30 () (33 (30 () (31 () () ) ) () ) ) ) ) ) ) (37 () (37 () () ) ) ) (39 () () ) ) (53 (49 (48 (42 (41 () () ) (42 () () ) ) () ) (51 () (51 () () ) ) ) (89 (55 () (68 (67 (56 (55 () () ) (60 () () ) ) (67 () () ) ) (88 (79 (77 (70 (69 (68 () (68 () () ) ) () ) (70 () (75 () () ) ) ) (77 () () ) ) (83 (80 () (82 () () ) ) (85 (83 () () ) (85 () () ) ) ) ) (88 () () ) ) ) ) (90 (89 () () ) (97 (95 (93 () (94 (93 () () ) () ) ) (96 () () ) ) (100 (97 () (97 () (98 () (99 () () ) ) ) ) () ) ) ) ) ) ) ) 
63 (17 (6 (3 () (5 (3 () (4 () (4 () () ) ) ) (5 () () ) ) ) (12 (10 (9 () (9 () () ) ) (11 () (11 () (11 () () ) ) ) ) (15 (13 () (13 () (13 () (14 () () ) ) ) ) (16 () (16 () () ) ) ) ) ) (41 (39 (36 (17 () (20 (17 () (18 () () ) ) (28 (27 () () ) (30 (29 () () ) (30 () (33 (30 () (31 () () ) ) () ) ) ) ) ) ) (37 () (37 () () ) ) ) (39 () () ) ) (53 (49 (48 (42 (41 () () ) (42 () () ) ) () ) (51 () (51 () (51 () () ) ) ) ) (89 (55 () (68 (67 (56 (55 () () ) (60 (56 () () ) () ) ) (67 () () ) ) (88 (79 (77 (70 (69 (68 () (68 () () ) ) () ) (70 () (75 () () ) ) ) (77 () (77 () () ) ) ) (83 (80 () (82 () () ) ) (85 (83 () () ) (85 () () ) ) ) ) (88 () () ) ) ) ) (90 (89 () () ) (97 (95 (93 (92 () () ) (94 (93 () () ) () ) ) (96 () () ) ) (100 (97 () (97 () (98 () (99 () () ) ) ) ) () ) ) ) ) ) ) ) 
136 (17 (6 (3 () (5 (3 () (4 () (4 () () ) ) ) (5 () () ) ) ) (12 (10 (9 (8 () () ) (9 () () ) ) (11 () (11 () (11 () () ) ) ) ) (15 (13 () (13 () (13 () (14 () () ) ) ) ) (16 () (16 () () ) ) ) ) ) (41 (39 (36 (17 () (20 (17 () (18 () () ) ) (28 (27 (23 () (25 () () ) ) () ) (30 (29 () () ) (30 () (33 (30 () (31 () () ) ) () ) ) ) ) ) ) (37 () (37 () () ) ) ) (39 () () ) ) (53 (49 (48 (42 (41 () () ) (42 () (47 () () ) ) ) () ) (51 () (51 () (51 () () ) ) ) ) (89 (55 (53 () () ) (68 (67 (56 (55 () () ) (60 (56 () (59 () () ) ) () ) ) (67 () () ) ) (88 (79 (77 (70 (69 (68 () (68 () () ) ) () ) (70 () (75 () (76 (75 () () ) () ) ) ) ) (77 () (77 () () ) ) ) (83 (80 () (82 () () ) ) (85 (83 () () ) (85 () () ) ) ) ) (88 () () ) ) ) ) (90 (89 () () ) (97 (95 (93 (92 () () ) (94 (93 () (93 () () ) ) () ) ) (96 () () ) ) (100 (97 () (97 () (98 () (99 (98 () () ) () ) ) ) ) () ) ) ) ) ) ) ) 
63 (17 (6 (3 () (5 (3 () (4 () (4 () () ) ) ) (5 () () ) ) ) (12 (10 (9 (8 (6 () () ) () ) (9 () () ) ) (11 () (11 () (11 () () ) ) ) ) (15 (13 (12 () () ) (13 () (13 () (14 () () ) ) ) ) (16 () (16 () (16 () () ) ) ) ) ) ) (41 (39 (36 (17 () (20 (17 () (18 () () ) ) (28 (27 (23 () (25 () () ) ) (27 () () ) ) (30 (29 () () ) (30 () (33 (30 () (31 () () ) ) () ) ) ) ) ) ) (37 (36 () () ) (37 () () ) ) ) (39 () () ) ) (53 (49 (48 (42 (41 () () ) (42 () (47 () () ) ) ) () ) (51 () (51 () (51 () () ) ) ) ) (89 (55 (53 () (53 () () ) ) (68 (67 (56 (55 () () ) (60 (56 () (59 () () ) ) (61 () () ) ) ) (67 () (67 () () ) ) ) (88 (79 (77 (70 (69 (68 () (68 () () ) ) () ) (70 () (75 () (76 (75 () () ) () ) ) ) ) (77 () (77 () () ) ) ) (83 (80 () (82 () () ) ) (85 (83 () () ) (85 () () ) ) ) ) (88 () () ) ) ) ) (90 (89 () () ) (97 (95 (93 (92 () () ) (94 (93 () (93 () () ) ) () ) ) (96 () (96 () (96 () () ) ) ) ) (100 (97 () (97 () (98 () (99 (98 () () ) () ) ) ) ) () ) ) ) ) ) ) ) 
364 (17 (6 (3 () (5 (3 () (4 () (4 () () ) ) ) (5 () () ) ) ) (12 (10 (9 (8 (6 () () ) () ) (9 () () ) ) (11 (10 () () ) (11 () (11 () () ) ) ) ) (15 (13 (12 () () ) (13 () (13 () (14 () () ) ) ) ) (16 () (16 () (16 () () ) ) ) ) ) ) (41 (39 (36 (17 () (20 (17 () (18 () () ) ) (28 (27 (23 () (25 () () ) ) (27 () () ) ) (30 (29 () () ) (30 () (33 (30 () (31 () () ) ) () ) ) ) ) ) ) (37 (36 () () ) (37 () () ) ) ) (39 () () ) ) (53 (49 (48 (42 (41 () () ) (42 () (47 (46 () () ) () ) ) ) () ) (51 (49 () () ) (51 () (51 () (51 () () ) ) ) ) ) (89 (55 (53 () (53 () () ) ) (68 (67 (56 (55 () () ) (60 (56 () (59 () () ) ) (61 () () ) ) ) (67 () (67 () () ) ) ) (88 (79 (77 (70 (69 (68 () (68 () () ) ) () ) (70 () (75 (73 () () ) (76 (75 () () ) () ) ) ) ) (77 () (77 () () ) ) ) (83 (80 () (82 () () ) ) (85 (83 () () ) (85 () (86 () () ) ) ) ) ) (88 () (88 () () ) ) ) ) ) (90 (89 () () ) (97 (95 (93 (92 () () ) (94 (93 () (93 () (93 () (93 () () ) ) ) ) () ) ) (96 () (96 () (96 () () ) ) ) ) (100 (97 () (97 () (98 () (99 (98 () () ) () ) ) ) ) (100 () () ) ) ) ) ) ) ) ) 
207 (17 (6 (3 (1 () () ) (5 (3 () (4 () (4 () () ) ) ) (5 () () ) ) ) (12 (10 (9 (8 (6 () () ) () ) (9 () () ) ) (11 (10 () () ) (11 () (11 () () ) ) ) ) (15 (13 (12 () () ) (13 () (13 () (14 () () ) ) ) ) (16 () (16 () (16 () () ) ) ) ) ) ) (41 (39 (36 (17 () (20 (17 () (18 () () ) ) (28 (27 (23 (20 () () ) (25 () () ) ) (27 () () ) ) (30 (29 () () ) (30 () (33 (30 () (31 () () ) ) () ) ) ) ) ) ) (37 (36 () () ) (37 () () ) ) ) (39 () (39 () () ) ) ) (53 (49 (48 (42 (41 () () ) (42 () (47 (46 () (46 () () ) ) () ) ) ) (48 () () ) ) (51 (49 () (50 () () ) ) (51 () (51 () (51 () () ) ) ) ) ) (89 (55 (53 () (53 () () ) ) (68 (67 (56 (55 () () ) (60 (56 () (59 () () ) ) (61 () (66 () (66 () () ) ) ) ) ) (67 () (67 () () ) ) ) (88 (79 (77 (70 (69 (68 () (68 () (68 () () ) ) ) () ) (70 () (75 (73 () () ) (76 (75 () () ) () ) ) ) ) (77 () (77 () () ) ) ) (83 (80 () (82 () () ) ) (85 (83 () () ) (85 () (86 () () ) ) ) ) ) (88 () (88 () () ) ) ) ) ) (90 (89 () () ) (97 (95 (93 (92 () () ) (94 (93 () (93 () (93 () (93 () () ) ) ) ) () ) ) (96 () (96 () (96 () () ) ) ) ) (100 (97 () (97 () (98 () (99 (98 () () ) (99 () () ) ) ) ) ) (100 () () ) ) ) ) ) ) ) ) 
256 (17 (6 (3 (1 () () ) (5 (3 () (4 () (4 () () ) ) ) (5 () () ) ) ) (12 (10 (9 (8 (6 () (7 () () ) ) (8 () () ) ) (9 () () ) ) (11 (10 () (10 () () ) ) (11 () (11 () () ) ) ) ) (15 (13 (12 () () ) (13 () (13 () (14 () () ) ) ) ) (16 () (16 () (16 () (16 () () ) ) ) ) ) ) ) (41 (39 (36 (17 () (20 (17 () (18 () () ) ) (28 (27 (23 (20 () () ) (25 () () ) ) (27 () () ) ) (30 (29 () () ) (30 () (33 (30 () (31 () () ) ) () ) ) ) ) ) ) (37 (36 () (36 () () ) ) (37 () () ) ) ) (39 () (39 () () ) ) ) (53 (49 (48 (42 (41 () () ) (42 () (47 (46 () (46 () () ) ) () ) ) ) (48 () () ) ) (51 (49 () (50 () () ) ) (51 () (51 () (51 () () ) ) ) ) ) (89 (55 (53 () (53 () (54 () () ) ) ) (68 (67 (56 (55 () () ) (60 (56 () (59 () () ) ) (61 () (66 () (66 () () ) ) ) ) ) (67 () (67 () () ) ) ) (88 (79 (77 (70 (69 (68 () (68 () (68 () (68 () (68 () () ) ) ) ) ) () ) (70 () (75 (73 () () ) (76 (75 () () ) () ) ) ) ) (77 () (77 () () ) ) ) (83 (80 () (82 (80 () () ) () ) ) (85 (83 () () ) (85 () (86 () () ) ) ) ) ) (88 () (88 () (88 () () ) ) ) ) ) ) (90 (89 () () ) (97 (95 (93 (92 () () ) (94 (93 () (93 () (93 () (93 () () ) ) ) ) () ) ) (96 () (96 () (96 () () ) ) ) ) (100 (97 () (97 () (98 () (99 (98 () () ) (99 () () ) ) ) ) ) (100 () () ) ) ) ) ) ) ) ) 
103 (17 (6 (3 (1 () () ) (5 (3 () (4 () (4 () () ) ) ) (5 () () ) ) ) (12 (10 (9 (8 (6 () (7 () () ) ) (8 () () ) ) (9 () () ) ) (11 (10 () (10 () () ) ) (11 () (11 () () ) ) ) ) (15 (13 (12 () () ) (13 () (13 () (14 () () ) ) ) ) (16 (15 () () ) (16 () (16 () (16 () (16 () () ) ) ) ) ) ) ) ) (41 (39 (36 (17 () (20 (17 () (18 () () ) ) (28 (27 (23 (20 () () ) (25 () () ) ) (27 () (27 () () ) ) ) (30 (29 () () ) (30 () (33 (30 () (31 () (32 () () ) ) ) () ) ) ) ) ) ) (37 (36 () (36 () () ) ) (37 () () ) ) ) (39 () (39 () (39 () () ) ) ) ) (53 (49 (48 (42 (41 () () ) (42 () (47 (46 () (46 () () ) ) () ) ) ) (48 () () ) ) (51 (49 () (50 () () ) ) (51 () (51 () (51 () () ) ) ) ) ) (89 (55 (53 () (53 () (54 () () ) ) ) (68 (67 (56 (55 () () ) (60 (56 () (59 () () ) ) (61 () (66 () (66 () () ) ) ) ) ) (67 () (67 () () ) ) ) (88 (79 (77 (70 (69 (68 () (68 () (68 () (68 () (68 () () ) ) ) ) ) () ) (70 () (75 (73 () () ) (76 (75 () () ) (76 () () ) ) ) ) ) (77 () (77 () (77 () () ) ) ) ) (83 (80 () (82 (80 () () ) () ) ) (85 (83 () (84 () () ) ) (85 () (86 () (87 () (87 () () ) ) ) ) ) ) ) (88 () (88 () (88 () () ) ) ) ) ) ) (90 (89 () () ) (97 (95 (93 (92 () () ) (94 (93 () (93 () (93 () (93 () () ) ) ) ) () ) ) (96 () (96 () (96 () () ) ) ) ) (100 (97 () (97 () (98 () (99 (98 () () ) (99 () () ) ) ) ) ) (100 () () ) ) ) ) ) ) ) ) 
42 (17 (6 (3 (1 () () ) (5 (3 () (4 () (4 () () ) ) ) (5 () () ) ) ) (12 (10 (9 (8 (6 () (7 () () ) ) (8 () () ) ) (9 () () ) ) (11 (10 () (10 () () ) ) (11 () (11 () () ) ) ) ) (15 (13 (12 () () ) (13 () (13 () (14 () () ) ) ) ) (16 (15 () () ) (16 () (16 () (16 () (16 () () ) ) ) ) ) ) ) ) (41 (39 (36 (17 () (20 (17 () (18 () () ) ) (28 (27 (23 (20 () (21 () () ) ) (25 () () ) ) (27 () (27 () () ) ) ) (30 (29 () (29 () () ) ) (30 () (33 (30 () (31 () (32 () () ) ) ) () ) ) ) ) ) ) (37 (36 () (36 () () ) ) (37 () () ) ) ) (39 () (39 () (39 () () ) ) ) ) (53 (49 (48 (42 (41 () () ) (42 () (47 (46 () (46 () (46 () () ) ) ) (47 () () ) ) ) ) (48 () () ) ) (51 (49 () (50 (49 () () ) () ) ) (51 () (51 () (51 () () ) ) ) ) ) (89 (55 (53 () (53 () (54 () (54 () () ) ) ) ) (68 (67 (56 (55 () () ) (60 (56 () (59 () () ) ) (61 () (66 (62 () () ) (66 () () ) ) ) ) ) (67 () (67 () () ) ) ) (88 (79 (77 (70 (69 (68 () (68 () (68 () (68 () (68 () () ) ) ) ) ) () ) (70 () (75 (73 () () ) (76 (75 () (75 () () ) ) (76 () () ) ) ) ) ) (77 () (77 () (77 () (77 () () ) ) ) ) ) (83 (80 () (82 (80 () () ) () ) ) (85 (83 () (84 () (84 () () ) ) ) (85 () (86 () (87 () (87 () () ) ) ) ) ) ) ) (88 () (88 () (88 () () ) ) ) ) ) ) (90 (89 () () ) (97 (95 (93 (92 () () ) (94 (93 () (93 () (93 () (93 () () ) ) ) ) () ) ) (96 () (96 () (96 () () ) ) ) ) (100 (97 () (97 () (98 () (99 (98 () () ) (99 () () ) ) ) ) ) (100 () () ) ) ) ) ) ) ) ) 
41 (17 (6 (3 (1 () () ) (5 (3 () (4 (3 () () ) (4 () () ) ) ) (5 () () ) ) ) (12 (10 (9 (8 (6 () (7 () () ) ) (8 () () ) ) (9 () () ) ) (11 (10 () (10 () () ) ) (11 () (11 () () ) ) ) ) (15 (13 (12 () () ) (13 () (13 () (14 () () ) ) ) ) (16 (15 () () ) (16 () (16 () (16 () (16 () () ) ) ) ) ) ) ) ) (41 (39 (36 (17 () (20 (17 () (18 () () ) ) (28 (27 (23 (20 () (21 () () ) ) (25 () (25 () () ) ) ) (27 () (27 () () ) ) ) (30 (29 () (29 () () ) ) (30 () (33 (30 () (31 () (32 () () ) ) ) () ) ) ) ) ) ) (37 (36 () (36 () () ) ) (37 () () ) ) ) (39 () (39 () (39 () () ) ) ) ) (53 (49 (48 (42 (41 () () ) (42 () (47 (46 () (46 () (46 () () ) ) ) (47 () () ) ) ) ) (48 () () ) ) (51 (49 () (50 (49 () () ) () ) ) (51 () (51 () (51 () (52 () () ) ) ) ) ) ) (89 (55 (53 () (53 () (54 () (54 () () ) ) ) ) (68 (67 (56 (55 () () ) (60 (56 () (59 () () ) ) (61 () (66 (62 () () ) (66 () (66 () () ) ) ) ) ) ) (67 () (67 () () ) ) ) (88 (79 (77 (70 (69 (68 () (68 () (68 () (68 () (68 () () ) ) ) ) ) (69 () () ) ) (70 () (75 (73 () () ) (76 (75 () (75 () () ) ) (76 () (76 () () ) ) ) ) ) ) (77 () (77 () (77 () (77 () () ) ) ) ) ) (83 (80 () (82 (80 () () ) () ) ) (85 (83 () (84 () (84 () () ) ) ) (85 () (86 (85 () (85 () () ) ) (87 () (87 () () ) ) ) ) ) ) ) (88 () (88 () (88 () () ) ) ) ) ) ) (90 (89 () () ) (97 (95 (93 (92 () () ) (94 (93 () (93 () (93 () (93 () () ) ) ) ) () ) ) (96 () (96 () (96 () () ) ) ) ) (100 (97 () (97 () (98 (97 () () ) (99 (98 () () ) (99 () (99 () () ) ) ) ) ) ) (100 () () ) ) ) ) ) ) ) ) 
242 (17 (6 (3 (1 () () ) (5 (3 () (4 (3 () () ) (4 () () ) ) ) (5 () () ) ) ) (12 (10 (9 (8 (6 () (7 (6 () () ) () ) ) (8 () () ) ) (9 () () ) ) (11 (10 () (10 () () ) ) (11 () (11 () () ) ) ) ) (15 (13 (12 () () ) (13 () (13 () (14 (13 () () ) () ) ) ) ) (16 (15 () () ) (16 () (16 () (16 () (16 () () ) ) ) ) ) ) ) ) (41 (39 (36 (17 () (20 (17 () (18 () () ) ) (28 (27 (23 (20 () (21 (20 () () ) (21 () () ) ) ) (25 (24 () () ) (25 () (26 () () ) ) ) ) (27 () (27 () () ) ) ) (30 (29 () (29 () () ) ) (30 () (33 (30 () (31 () (32 () () ) ) ) () ) ) ) ) ) ) (37 (36 () (36 () () ) ) (37 () () ) ) ) (39 () (39 () (39 () () ) ) ) ) (53 (49 (48 (42 (41 () () ) (42 () (47 (46 () (46 () (46 () () ) ) ) (47 () () ) ) ) ) (48 () () ) ) (51 (49 () (50 (49 () () ) () ) ) (51 () (51 () (51 () (52 () () ) ) ) ) ) ) (89 (55 (53 () (53 () (54 () (54 () () ) ) ) ) (68 (67 (56 (55 () () ) (60 (56 () (59 () () ) ) (61 () (66 (62 () () ) (66 () (66 () () ) ) ) ) ) ) (67 () (67 () () ) ) ) (88 (79 (77 (70 (69 (68 () (68 () (68 () (68 () (68 () (68 () () ) ) ) ) ) ) (69 () () ) ) (70 () (75 (73 () (74 () () ) ) (76 (75 () (75 () () ) ) (76 () (76 () () ) ) ) ) ) ) (77 () (77 () (77 () (77 () () ) ) ) ) ) (83 (80 () (82 (80 () () ) () ) ) (85 (83 () (84 () (84 () () ) ) ) (85 () (86 (85 () (85 () () ) ) (87 () (87 () () ) ) ) ) ) ) ) (88 () (88 () (88 () () ) ) ) ) ) ) (90 (89 () (89 () () ) ) (97 (95 (93 (92 () () ) (94 (93 () (93 () (93 () (93 () () ) ) ) ) () ) ) (96 () (96 () (96 () () ) ) ) ) (100 (97 () (97 () (98 (97 () () ) (99 (98 () (98 () () ) ) (99 () (99 () () ) ) ) ) ) ) (100 () () ) ) ) ) ) ) ) ) 
524 (17 (6 (3 (1 () () ) (5 (3 () (4 (3 () () ) (4 () () ) ) ) (5 () () ) ) ) (12 (10 (9 (8 (6 () (7 (6 () (6 () () ) ) () ) ) (8 () () ) ) (9 () () ) ) (11 (10 () (10 () () ) ) (11 () (11 () () ) ) ) ) (15 (13 (12 () () ) (13 () (13 () (14 (13 () (13 () () ) ) () ) ) ) ) (16 (15 () () ) (16 () (16 () (16 () (16 () () ) ) ) ) ) ) ) ) (41 (39 (36 (17 () (20 (17 () (18 () () ) ) (28 (27 (23 (20 () (21 (20 () () ) (21 () (22 () () ) ) ) ) (25 (24 () () ) (25 () (26 () () ) ) ) ) (27 () (27 () () ) ) ) (30 (29 () (29 () () ) ) (30 () (33 (30 () (31 () (32 () () ) ) ) () ) ) ) ) ) ) (37 (36 () (36 () () ) ) (37 () () ) ) ) (39 () (39 () (39 () () ) ) ) ) (53 (49 (48 (42 (41 () () ) (42 () (47 (46 () (46 () (46 () () ) ) ) (47 () () ) ) ) ) (48 () () ) ) (51 (49 () (50 (49 () () ) () ) ) (51 () (51 () (51 () (52 () () ) ) ) ) ) ) (89 (55 (53 () (53 () (54 (53 () () ) (54 () () ) ) ) ) (68 (67 (56 (55 () () ) (60 (56 () (59 () () ) ) (61 () (66 (62 () (64 () () ) ) (66 () (66 () () ) ) ) ) ) ) (67 () (67 () () ) ) ) (88 (79 (77 (70 (69 (68 () (68 () (68 () (68 () (68 () (68 () () ) ) ) ) ) ) (69 () () ) ) (70 () (75 (73 () (74 () () ) ) (76 (75 () (75 () () ) ) (76 () (76 () () ) ) ) ) ) ) (77 () (77 () (77 () (77 () (77 () () ) ) ) ) ) ) (83 (80 () (82 (80 () () ) () ) ) (85 (83 () (84 () (84 () () ) ) ) (85 () (86 (85 () (85 () () ) ) (87 () (87 () () ) ) ) ) ) ) ) (88 () (88 () (88 () (88 () (88 () () ) ) ) ) ) ) ) ) (90 (89 () (89 () () ) ) (97 (95 (93 (92 () (92 () () ) ) (94 (93 () (93 () (93 () (93 () () ) ) ) ) () ) ) (96 () (96 () (96 () () ) ) ) ) (100 (97 () (97 () (98 (97 () () ) (99 (98 () (98 () () ) ) (99 () (99 () (99 () () ) ) ) ) ) ) ) (100 () () ) ) ) ) ) ) ) ) 
770 (17 (6 (3 (1 () (1 () () ) ) (5 (3 () (4 (3 () () ) (4 () () ) ) ) (5 () () ) ) ) (12 (10 (9 (8 (6 () (7 (6 () (6 () () ) ) () ) ) (8 () () ) ) (9 () () ) ) (11 (10 () (10 () () ) ) (11 () (11 () () ) ) ) ) (15 (13 (12 () () ) (13 () (13 () (14 (13 () (13 () (13 () () ) ) ) () ) ) ) ) (16 (15 () () ) (16 () (16 () (16 () (16 () () ) ) ) ) ) ) ) ) (41 (39 (36 (17 () (20 (17 () (18 (17 () () ) () ) ) (28 (27 (23 (20 () (21 (20 () () ) (21 () (22 () () ) ) ) ) (25 (24 () () ) (25 () (26 () () ) ) ) ) (27 () (27 () () ) ) ) (30 (29 () (29 () () ) ) (30 () (33 (30 () (31 () (32 () (32 () () ) ) ) ) () ) ) ) ) ) ) (37 (36 () (36 () () ) ) (37 () () ) ) ) (39 () (39 () (39 () () ) ) ) ) (53 (49 (48 (42 (41 () () ) (42 () (47 (46 () (46 () (46 () () ) ) ) (47 () () ) ) ) ) (48 () () ) ) (51 (49 () (50 (49 () () ) () ) ) (51 () (51 () (51 () (52 () (52 () () ) ) ) ) ) ) ) (89 (55 (53 () (53 () (54 (53 () () ) (54 () () ) ) ) ) (68 (67 (56 (55 () () ) (60 (56 () (59 (57 () () ) (59 () () ) ) ) (61 () (66 (62 () (64 () () ) ) (66 () (66 () () ) ) ) ) ) ) (67 () (67 () () ) ) ) (88 (79 (77 (70 (69 (68 () (68 () (68 () (68 () (68 () (68 () () ) ) ) ) ) ) (69 () () ) ) (70 () (75 (73 () (74 () () ) ) (76 (75 () (75 () () ) ) (76 () (76 () () ) ) ) ) ) ) (77 () (77 () (77 () (77 () (77 () () ) ) ) ) ) ) (83 (80 () (82 (80 () (80 () () ) ) (82 () () ) ) ) (85 (83 () (84 () (84 () (84 () () ) ) ) ) (85 () (86 (85 () (85 () () ) ) (87 () (87 () () ) ) ) ) ) ) ) (88 () (88 () (88 () (88 () (88 () () ) ) ) ) ) ) ) ) (90 (89 () (89 () () ) ) (97 (95 (93 (92 () (92 () () ) ) (94 (93 () (93 () (93 () (93 () () ) ) ) ) () ) ) (96 () (96 () (96 () () ) ) ) ) (100 (97 () (97 () (98 (97 () () ) (99 (98 () (98 () () ) ) (99 () (99 () (99 () () ) ) ) ) ) ) ) (100 () () ) ) ) ) ) ) ) ) 
